Northing	 Easting	       	 Latitude	 Longitude
       	5426829.8	1748537.7	       	41 17 46.753 S	174 46 26.773 E
       	5426836.1	1748525.6	       	41 17 46.557 S	174 46 26.248 E
       	5426943.4	1748306.4	       	41 17 43.223 S	174 46 16.730 E
       	5426947.7	1748308.5	       	41 17 43.082 S	174 46 16.817 E
       	5428961.1	1748908.0	       	41 16 37.428 S	174 46 40.813 E
       	5427232.2	1749274.8	       	41 17 33.220 S	174 46 58.095 E
       	5427237.9	1749259.1	       	41 17 33.047 S	174 46 57.416 E
       	5426959.4	1749289.1	       	41 17 42.053 S	174 46 58.953 E
       	5426718.8	1748495.8	       	41 17 50.379 S	174 46 25.069 E
       	5428443.3	1748901.7	       	41 16 54.216 S	174 46 40.995 E
       	5428589.5	1748780.3	       	41 16 49.555 S	174 46 35.651 E
       	5428623.8	1748756.2	       	41 16 48.461 S	174 46 34.585 E
       	5427209.3	1749327.8	       	41 17 33.929 S	174 47 00.393 E
       	5427201.7	1749337.4	       	41 17 34.169 S	174 47 00.813 E
       	5427665.4	1748644.8	       	41 17 19.598 S	174 46 30.642 E
       	5427625.1	1748677.3	       	41 17 20.883 S	174 46 32.074 E
       	5427563.6	1748720.3	       	41 17 22.849 S	174 46 33.973 E
       	5427851.2	1748573.7	       	41 17 13.623 S	174 46 27.422 E
       	5427907.3	1748593.5	       	41 17 11.792 S	174 46 28.223 E
       	5427948.3	1748609.5	       	41 17 10.453 S	174 46 28.874 E
       	5427951.8	1748563.5	       	41 17 10.368 S	174 46 26.895 E
       	5428729.1	1748804.6	       	41 16 45.014 S	174 46 36.572 E
       	5428238.1	1748809.1	       	41 17 00.926 S	174 46 37.196 E
       	5428239.9	1748805.1	       	41 17 00.871 S	174 46 37.026 E
       	5428252.3	1748810.0	       	41 17 00.466 S	174 46 37.224 E
       	5428246.7	1748787.9	       	41 17 00.663 S	174 46 36.280 E
       	5428276.0	1748759.3	       	41 16 59.731 S	174 46 35.025 E
       	5428272.7	1748731.6	       	41 16 59.857 S	174 46 33.838 E
       	5428298.2	1748708.6	       	41 16 59.047 S	174 46 32.825 E
       	5428738.7	1748977.0	       	41 16 44.589 S	174 46 43.969 E
       	5428740.8	1748974.9	       	41 16 44.522 S	174 46 43.878 E
       	5428727.4	1748956.6	       	41 16 44.970 S	174 46 43.103 E
       	5428760.8	1748954.4	       	41 16 43.888 S	174 46 42.981 E
       	5428616.1	1749060.7	       	41 16 48.508 S	174 46 47.677 E
       	5428620.2	1749053.9	       	41 16 48.379 S	174 46 47.380 E
       	5428621.7	1749051.9	       	41 16 48.332 S	174 46 47.292 E
       	5428172.2	1748669.0	       	41 17 03.157 S	174 46 31.237 E
       	5428172.1	1748667.3	       	41 17 03.161 S	174 46 31.162 E
       	5428170.0	1748667.1	       	41 17 03.229 S	174 46 31.155 E
       	5427473.9	1749065.8	       	41 17 25.524 S	174 46 48.901 E
       	5427440.1	1749112.5	       	41 17 26.589 S	174 46 50.938 E
       	5427410.6	1749150.3	       	41 17 27.522 S	174 46 52.588 E
       	5427390.3	1749193.0	       	41 17 28.150 S	174 46 54.441 E
       	5427373.4	1749238.1	       	41 17 28.669 S	174 46 56.396 E
       	5427373.1	1749250.5	       	41 17 28.670 S	174 46 56.929 E
       	5427351.6	1749287.6	       	41 17 29.342 S	174 46 58.539 E
       	5427343.0	1749305.2	       	41 17 29.611 S	174 46 59.304 E
       	5427333.7	1749324.3	       	41 17 29.898 S	174 47 00.133 E
       	5427322.8	1749350.6	       	41 17 30.234 S	174 47 01.272 E
       	5427312.3	1749371.0	       	41 17 30.559 S	174 47 02.160 E
       	5427301.2	1749394.6	       	41 17 30.904 S	174 47 03.184 E
       	5427293.5	1749411.5	       	41 17 31.144 S	174 47 03.915 E
       	5427285.2	1749430.0	       	41 17 31.398 S	174 47 04.718 E
       	5427269.0	1749457.8	       	41 17 31.907 S	174 47 05.926 E
       	5427256.7	1749474.3	       	41 17 32.293 S	174 47 06.649 E
       	5426482.3	1749096.4	       	41 17 57.644 S	174 46 51.090 E
       	5426889.0	1749257.8	       	41 17 44.355 S	174 46 57.669 E
       	5426931.8	1749277.5	       	41 17 42.956 S	174 46 58.476 E
       	5426971.9	1749314.8	       	41 17 41.631 S	174 47 00.044 E
       	5426992.0	1749307.1	       	41 17 40.986 S	174 46 59.697 E
       	5426991.5	1749323.1	       	41 17 40.989 S	174 47 00.385 E
       	5427242.9	1749314.4	       	41 17 32.846 S	174 46 59.789 E
       	5427300.5	1749340.4	       	41 17 30.962 S	174 47 00.855 E
       	5427796.3	1748757.9	       	41 17 15.280 S	174 46 35.386 E
       	5427808.7	1748718.7	       	41 17 14.906 S	174 46 33.690 E
       	5427814.5	1748697.7	       	41 17 14.729 S	174 46 32.783 E
       	5426774.2	1749204.2	       	41 17 48.114 S	174 46 55.465 E
       	5427095.5	1749292.2	       	41 17 37.640 S	174 46 58.965 E
       	5427101.2	1749273.3	       	41 17 37.468 S	174 46 58.146 E
       	5427103.7	1749262.4	       	41 17 37.393 S	174 46 57.675 E
       	5427106.3	1749246.8	       	41 17 37.318 S	174 46 57.004 E
       	5427109.5	1749233.1	       	41 17 37.226 S	174 46 56.411 E
       	5427101.1	1749196.6	       	41 17 37.523 S	174 46 54.851 E
       	5427055.3	1749322.1	       	41 17 38.923 S	174 47 00.285 E
       	5427079.6	1749264.0	       	41 17 38.173 S	174 46 57.765 E
       	5427075.4	1749251.4	       	41 17 38.317 S	174 46 57.230 E
       	5427090.2	1749236.9	       	41 17 37.848 S	174 46 56.594 E
       	5427092.1	1749231.9	       	41 17 37.791 S	174 46 56.377 E
       	5427210.3	1748952.6	       	41 17 34.144 S	174 46 44.270 E
       	5427207.2	1748959.2	       	41 17 34.241 S	174 46 44.555 E
       	5427200.6	1748983.7	       	41 17 34.438 S	174 46 45.612 E
       	5427195.5	1748982.3	       	41 17 34.603 S	174 46 45.559 E
       	5427202.3	1748996.5	       	41 17 34.376 S	174 46 46.163 E
       	5427192.0	1748994.1	       	41 17 34.711 S	174 46 46.069 E
       	5427192.1	1749017.7	       	41 17 34.691 S	174 46 47.083 E
       	5427187.7	1749048.3	       	41 17 34.813 S	174 46 48.401 E
       	5427151.3	1749128.9	       	41 17 35.941 S	174 46 51.899 E
       	5427135.7	1749121.7	       	41 17 36.450 S	174 46 51.600 E
       	5427499.2	1748819.5	       	41 17 24.870 S	174 46 38.292 E
       	5427491.9	1748836.3	       	41 17 25.093 S	174 46 39.022 E
       	5427473.9	1748828.9	       	41 17 25.682 S	174 46 38.720 E
       	5427479.7	1748811.5	       	41 17 25.505 S	174 46 37.967 E
       	5427461.3	1748803.4	       	41 17 26.109 S	174 46 37.636 E
       	5427453.0	1748819.3	       	41 17 26.368 S	174 46 38.327 E
       	5427441.2	1748797.0	       	41 17 26.763 S	174 46 37.377 E
       	5427433.5	1748810.3	       	41 17 27.004 S	174 46 37.957 E
       	5427358.3	1748773.6	       	41 17 29.467 S	174 46 36.448 E
       	5427360.7	1748765.1	       	41 17 29.394 S	174 46 36.080 E
       	5427323.2	1748750.4	       	41 17 30.618 S	174 46 35.481 E
       	5427301.0	1748738.0	       	41 17 31.349 S	174 46 34.966 E
       	5427297.0	1748744.4	       	41 17 31.472 S	174 46 35.246 E
       	5427278.7	1748728.5	       	41 17 32.078 S	174 46 34.577 E
       	5427260.7	1748725.6	       	41 17 32.661 S	174 46 34.470 E
       	5427232.6	1748711.5	       	41 17 33.581 S	174 46 33.889 E
       	5427190.9	1748687.4	       	41 17 34.949 S	174 46 32.887 E
       	5427180.5	1748684.1	       	41 17 35.290 S	174 46 32.757 E
       	5427169.5	1748687.4	       	41 17 35.642 S	174 46 32.905 E
       	5427173.3	1748678.7	       	41 17 35.527 S	174 46 32.530 E
       	5427154.9	1748683.0	       	41 17 36.120 S	174 46 32.729 E
       	5427104.6	1748647.4	       	41 17 37.773 S	174 46 31.245 E
       	5427067.8	1748644.4	       	41 17 38.969 S	174 46 31.150 E
       	5426977.6	1748603.7	       	41 17 41.918 S	174 46 29.479 E
       	5426977.5	1748589.9	       	41 17 41.931 S	174 46 28.886 E
       	5426958.8	1748596.1	       	41 17 42.535 S	174 46 29.167 E
       	5426943.2	1748588.9	       	41 17 43.044 S	174 46 28.875 E
       	5426914.3	1748562.3	       	41 17 43.999 S	174 46 27.755 E
       	5426903.6	1748572.0	       	41 17 44.340 S	174 46 28.182 E
       	5426854.5	1748535.9	       	41 17 45.955 S	174 46 26.675 E
       	5426843.2	1748543.8	       	41 17 46.315 S	174 46 27.022 E
       	5426709.5	1748481.4	       	41 17 50.689 S	174 46 24.458 E
       	5426687.0	1748474.0	       	41 17 51.423 S	174 46 24.160 E
       	5426686.3	1748462.1	       	41 17 51.453 S	174 46 23.649 E
       	5427926.7	1748749.2	       	41 17 11.061 S	174 46 34.899 E
       	5428002.7	1748781.9	       	41 17 08.575 S	174 46 36.237 E
       	5428096.2	1748818.3	       	41 17 05.520 S	174 46 37.716 E
       	5428104.0	1748821.9	       	41 17 05.264 S	174 46 37.863 E
       	5428130.5	1748839.0	       	41 17 04.393 S	174 46 38.577 E
       	5427281.6	1748885.1	       	41 17 31.878 S	174 46 41.304 E
       	5427290.1	1748877.4	       	41 17 31.608 S	174 46 40.965 E
       	5427297.4	1748860.7	       	41 17 31.383 S	174 46 40.243 E
       	5427311.1	1748838.2	       	41 17 30.954 S	174 46 39.263 E
       	5427313.2	1748817.0	       	41 17 30.900 S	174 46 38.349 E
       	5427319.5	1748776.0	       	41 17 30.722 S	174 46 36.584 E
       	5427365.2	1748674.3	       	41 17 29.310 S	174 46 32.172 E
       	5427369.0	1748647.9	       	41 17 29.205 S	174 46 31.035 E
       	5427428.5	1748528.4	       	41 17 27.353 S	174 46 25.846 E
       	5426962.7	1748652.3	       	41 17 42.370 S	174 46 31.580 E
       	5426939.8	1748667.8	       	41 17 43.103 S	174 46 32.267 E
       	5426948.2	1748646.3	       	41 17 42.843 S	174 46 31.335 E
       	5427275.5	1748866.9	       	41 17 32.088 S	174 46 40.529 E
       	5426439.7	1749148.2	       	41 17 58.993 S	174 46 53.355 E
       	5428045.9	1748523.3	       	41 17 07.346 S	174 46 25.085 E
       	5428455.6	1748718.3	       	41 16 53.937 S	174 46 33.103 E
       	5428467.8	1748717.7	       	41 16 53.541 S	174 46 33.069 E
       	5428817.4	1749092.0	       	41 16 41.964 S	174 46 48.841 E
       	5428452.8	1748901.1	       	41 16 53.906 S	174 46 40.963 E
       	5428458.7	1748887.5	       	41 16 53.724 S	174 46 40.374 E
       	5428318.0	1748841.7	       	41 16 58.315 S	174 46 38.529 E
       	5428325.8	1748823.9	       	41 16 58.075 S	174 46 37.757 E
       	5428307.1	1748816.3	       	41 16 58.687 S	174 46 37.447 E
       	5428299.6	1748831.5	       	41 16 58.917 S	174 46 38.107 E
       	5428261.3	1748795.0	       	41 17 00.183 S	174 46 36.570 E
       	5428197.3	1748785.7	       	41 17 02.264 S	174 46 36.228 E
       	5428198.6	1748767.9	       	41 17 02.235 S	174 46 35.461 E
       	5428181.3	1748760.6	       	41 17 02.800 S	174 46 35.166 E
       	5428130.6	1748755.2	       	41 17 04.446 S	174 46 34.974 E
       	5428055.9	1748721.8	       	41 17 06.889 S	174 46 33.608 E
       	5428057.1	1748703.5	       	41 17 06.863 S	174 46 32.817 E
       	5428056.9	1748705.4	       	41 17 06.869 S	174 46 32.903 E
       	5428033.9	1748703.9	       	41 17 07.616 S	174 46 32.854 E
       	5427137.3	1748600.8	       	41 17 36.744 S	174 46 29.216 E
       	5427146.7	1748593.8	       	41 17 36.444 S	174 46 28.906 E
       	5427153.9	1748587.1	       	41 17 36.216 S	174 46 28.612 E
       	5427151.0	1748603.5	       	41 17 36.297 S	174 46 29.316 E
       	5427169.4	1748609.9	       	41 17 35.697 S	174 46 29.578 E
       	5427178.4	1748607.7	       	41 17 35.409 S	174 46 29.475 E
       	5427254.2	1748456.5	       	41 17 33.050 S	174 46 22.912 E
       	5427226.1	1748506.3	       	41 17 33.928 S	174 46 25.075 E
       	5427221.8	1748572.9	       	41 17 34.026 S	174 46 27.943 E
       	5427212.1	1748594.8	       	41 17 34.324 S	174 46 28.888 E
       	5427185.7	1748603.3	       	41 17 35.175 S	174 46 29.278 E
       	5427175.0	1748640.1	       	41 17 35.497 S	174 46 30.868 E
       	5427164.1	1748670.6	       	41 17 35.830 S	174 46 32.188 E
       	5427173.7	1748675.2	       	41 17 35.516 S	174 46 32.381 E
       	5427123.8	1748756.5	       	41 17 37.080 S	174 46 35.916 E
       	5427095.5	1748855.6	       	41 17 37.931 S	174 46 40.201 E
       	5428132.0	1748736.7	       	41 17 04.412 S	174 46 34.178 E
       	5428117.4	1748728.2	       	41 17 04.893 S	174 46 33.826 E
       	5428138.3	1748715.1	       	41 17 04.223 S	174 46 33.246 E
       	5428139.8	1748713.9	       	41 17 04.175 S	174 46 33.194 E
       	5428128.7	1748703.5	       	41 17 04.544 S	174 46 32.755 E
       	5428129.3	1748700.5	       	41 17 04.526 S	174 46 32.625 E
       	5428134.8	1748693.1	       	41 17 04.352 S	174 46 32.303 E
       	5428135.3	1748690.3	       	41 17 04.339 S	174 46 32.182 E
       	5428136.4	1748688.0	       	41 17 04.305 S	174 46 32.082 E
       	5428137.1	1748687.1	       	41 17 04.281 S	174 46 32.043 E
       	5428151.8	1748692.9	       	41 17 03.801 S	174 46 32.279 E
       	5428137.3	1748685.6	       	41 17 04.274 S	174 46 31.979 E
       	5428152.8	1748689.2	       	41 17 03.771 S	174 46 32.120 E
       	5427307.8	1748987.8	       	41 17 30.963 S	174 46 45.693 E
       	5427742.2	1748837.9	       	41 17 16.981 S	174 46 38.871 E
       	5429560.9	1749106.7	       	41 16 17.855 S	174 46 48.820 E
       	5427256.1	1748910.8	       	41 17 32.688 S	174 46 42.433 E
       	5428103.7	1748845.1	       	41 17 05.260 S	174 46 38.864 E
       	5428335.7	1748760.1	       	41 16 57.795 S	174 46 35.004 E
       	5428323.4	1748785.6	       	41 16 58.178 S	174 46 36.112 E
       	5428274.2	1748887.7	       	41 16 59.704 S	174 46 40.545 E
       	5428292.8	1748896.8	       	41 16 59.096 S	174 46 40.919 E
       	5428893.3	1748892.2	       	41 16 39.636 S	174 46 40.193 E
       	5428875.1	1748899.1	       	41 16 40.222 S	174 46 40.504 E
       	5426949.6	1749310.7	       	41 17 42.357 S	174 46 59.890 E
       	5426886.5	1749303.8	       	41 17 44.406 S	174 46 59.647 E
       	5426868.3	1749293.7	       	41 17 45.005 S	174 46 59.230 E
       	5426746.7	1749242.0	       	41 17 48.977 S	174 46 57.113 E
       	5426462.0	1749114.0	       	41 17 58.290 S	174 46 51.865 E
       	5426926.1	1748709.1	       	41 17 43.519 S	174 46 34.055 E
       	5426929.8	1748687.5	       	41 17 43.411 S	174 46 33.122 E
       	5427924.3	1748732.4	       	41 17 11.147 S	174 46 34.176 E
       	5427938.9	1748738.8	       	41 17 10.671 S	174 46 34.438 E
       	5427949.4	1748726.4	       	41 17 10.338 S	174 46 33.898 E
       	5427958.5	1748723.2	       	41 17 10.047 S	174 46 33.753 E
       	5427996.2	1748710.3	       	41 17 08.834 S	174 46 33.166 E
       	5428069.5	1748695.5	       	41 17 06.468 S	174 46 32.466 E
       	5428085.5	1748679.4	       	41 17 05.960 S	174 46 31.758 E
       	5428089.0	1748678.0	       	41 17 05.847 S	174 46 31.697 E
       	5428147.1	1748668.5	       	41 17 03.970 S	174 46 31.234 E
       	5428206.8	1748664.8	       	41 17 02.035 S	174 46 31.026 E
       	5428283.8	1748667.4	       	41 16 59.538 S	174 46 31.067 E
       	5428326.6	1748682.5	       	41 16 58.142 S	174 46 31.678 E
       	5428353.5	1748692.5	       	41 16 57.265 S	174 46 32.085 E
       	5428391.2	1748711.7	       	41 16 56.030 S	174 46 32.879 E
       	5428488.1	1748715.8	       	41 16 52.884 S	174 46 32.970 E
       	5428500.5	1748713.4	       	41 16 52.484 S	174 46 32.854 E
       	5428502.9	1748713.3	       	41 16 52.408 S	174 46 32.848 E
       	5428548.3	1748707.8	       	41 16 50.939 S	174 46 32.572 E
       	5428629.6	1748722.3	       	41 16 48.296 S	174 46 33.125 E
       	5428630.8	1748723.1	       	41 16 48.256 S	174 46 33.159 E
       	5428677.8	1748781.2	       	41 16 46.692 S	174 46 35.613 E
       	5428785.8	1748893.7	       	41 16 43.119 S	174 46 40.351 E
       	5428793.2	1748941.0	       	41 16 42.849 S	174 46 42.375 E
       	5428793.9	1748943.2	       	41 16 42.823 S	174 46 42.471 E
       	5428860.1	1749054.4	       	41 16 40.602 S	174 46 47.188 E
       	5428689.6	1748846.2	       	41 16 46.267 S	174 46 38.396 E
       	5428664.3	1748809.0	       	41 16 47.112 S	174 46 36.816 E
       	5428644.0	1748776.0	       	41 16 47.793 S	174 46 35.418 E
       	5428519.1	1748739.0	       	41 16 51.864 S	174 46 33.940 E
       	5428724.0	1748842.2	       	41 16 45.155 S	174 46 38.191 E
       	5428722.4	1748842.9	       	41 16 45.207 S	174 46 38.224 E
       	5428726.1	1748841.1	       	41 16 45.089 S	174 46 38.142 E
       	5428725.3	1748844.4	       	41 16 45.112 S	174 46 38.284 E
       	5428514.0	1748740.0	       	41 16 52.031 S	174 46 33.984 E
       	5428726.9	1748846.7	       	41 16 45.058 S	174 46 38.384 E
       	5428470.1	1748746.4	       	41 16 53.449 S	174 46 34.301 E
       	5428379.6	1748737.1	       	41 16 56.389 S	174 46 33.980 E
       	5428347.7	1748722.7	       	41 16 57.431 S	174 46 33.387 E
       	5428320.3	1748710.6	       	41 16 58.328 S	174 46 32.891 E
       	5428318.3	1748709.3	       	41 16 58.394 S	174 46 32.838 E
       	5428280.9	1748696.0	       	41 16 59.616 S	174 46 32.300 E
       	5427553.9	1748728.4	       	41 17 23.158 S	174 46 34.330 E
       	5427518.3	1748720.8	       	41 17 24.316 S	174 46 34.037 E
       	5427462.9	1748446.7	       	41 17 26.292 S	174 46 22.305 E
       	5427835.3	1748792.8	       	41 17 13.992 S	174 46 36.849 E
       	5427269.0	1748936.6	       	41 17 32.254 S	174 46 43.529 E
       	5427272.5	1748935.5	       	41 17 32.142 S	174 46 43.480 E
       	5427299.5	1748900.0	       	41 17 31.290 S	174 46 41.931 E
       	5427290.8	1748888.4	       	41 17 31.578 S	174 46 41.440 E
       	5427313.4	1748857.4	       	41 17 30.867 S	174 46 40.087 E
       	5427311.7	1748848.7	       	41 17 30.927 S	174 46 39.715 E
       	5427339.6	1748852.0	       	41 17 30.022 S	174 46 39.832 E
       	5427339.9	1748826.8	       	41 17 30.028 S	174 46 38.749 E
       	5427353.9	1748835.1	       	41 17 29.568 S	174 46 39.094 E
       	5427341.5	1748824.9	       	41 17 29.976 S	174 46 38.667 E
       	5427362.1	1748825.4	       	41 17 29.308 S	174 46 38.667 E
       	5427353.4	1748810.1	       	41 17 29.601 S	174 46 38.020 E
       	5427365.6	1748794.9	       	41 17 29.215 S	174 46 37.355 E
       	5427366.5	1748793.3	       	41 17 29.189 S	174 46 37.284 E
       	5427411.8	1748767.8	       	41 17 27.737 S	174 46 36.151 E
       	5427408.8	1748758.9	       	41 17 27.841 S	174 46 35.769 E
       	5427424.1	1748755.0	       	41 17 27.347 S	174 46 35.590 E
       	5427424.8	1748744.6	       	41 17 27.332 S	174 46 35.142 E
       	5427435.3	1748744.1	       	41 17 26.990 S	174 46 35.109 E
       	5427448.6	1748730.5	       	41 17 26.567 S	174 46 34.516 E
       	5427442.4	1748723.9	       	41 17 26.772 S	174 46 34.237 E
       	5427444.3	1748721.5	       	41 17 26.713 S	174 46 34.131 E
       	5427450.3	1748728.8	       	41 17 26.514 S	174 46 34.439 E
       	5427455.7	1748710.2	       	41 17 26.352 S	174 46 33.636 E
       	5427460.5	1748700.7	       	41 17 26.202 S	174 46 33.221 E
       	5427505.3	1748669.0	       	41 17 24.771 S	174 46 31.819 E
       	5427529.5	1748667.1	       	41 17 23.989 S	174 46 31.719 E
       	5427547.0	1748644.4	       	41 17 23.437 S	174 46 30.728 E
       	5427572.3	1748641.2	       	41 17 22.619 S	174 46 30.567 E
       	5427573.6	1748627.3	       	41 17 22.585 S	174 46 29.969 E
       	5427615.6	1748612.8	       	41 17 21.233 S	174 46 29.309 E
       	5427027.6	1748714.8	       	41 17 40.224 S	174 46 34.210 E
       	5426982.9	1748695.7	       	41 17 41.685 S	174 46 33.429 E
       	5427436.2	1749016.8	       	41 17 26.781 S	174 46 46.830 E
       	5427513.1	1748968.1	       	41 17 24.321 S	174 46 44.670 E
       	5427729.5	1748666.6	       	41 17 17.508 S	174 46 31.523 E
       	5427728.1	1748669.1	       	41 17 17.549 S	174 46 31.630 E
       	5427704.3	1748686.7	       	41 17 18.310 S	174 46 32.407 E
       	5428795.6	1748910.4	       	41 16 42.788 S	174 46 41.061 E
       	5428830.3	1748916.1	       	41 16 41.662 S	174 46 41.274 E
       	5428922.5	1748874.3	       	41 16 38.699 S	174 46 39.397 E
       	5428936.9	1748894.3	       	41 16 38.221 S	174 46 40.244 E
       	5428984.3	1748882.1	       	41 16 36.690 S	174 46 39.676 E
       	5429117.0	1748890.4	       	41 16 32.386 S	174 46 39.919 E
       	5429200.0	1748894.4	       	41 16 29.694 S	174 46 40.018 E
       	5429246.3	1748911.8	       	41 16 28.181 S	174 46 40.722 E
       	5429258.8	1748897.3	       	41 16 27.784 S	174 46 40.089 E
       	5429297.3	1748898.6	       	41 16 26.535 S	174 46 40.113 E
       	5429298.0	1748911.9	       	41 16 26.506 S	174 46 40.680 E
       	5429370.3	1748898.5	       	41 16 24.169 S	174 46 40.042 E
       	5429060.2	1749077.3	       	41 16 34.103 S	174 46 47.999 E
       	5428953.0	1749053.5	       	41 16 37.593 S	174 46 47.067 E
       	5429250.7	1749017.0	       	41 16 27.968 S	174 46 45.240 E
       	5429156.9	1749057.0	       	41 16 30.981 S	174 46 47.042 E
       	5429435.1	1748907.5	       	41 16 22.063 S	174 46 40.370 E
       	5427651.1	1748577.7	       	41 17 20.106 S	174 46 27.769 E
       	5427245.7	1749491.6	       	41 17 32.639 S	174 47 07.403 E
       	5427255.8	1749489.5	       	41 17 32.314 S	174 47 07.301 E
       	5427271.5	1749531.1	       	41 17 31.777 S	174 47 09.075 E
       	5427289.1	1749550.1	       	41 17 31.193 S	174 47 09.875 E
       	5427299.9	1749562.0	       	41 17 30.834 S	174 47 10.378 E
       	5427311.0	1749572.6	       	41 17 30.469 S	174 47 10.824 E
       	5427327.8	1749594.4	       	41 17 29.908 S	174 47 11.746 E
       	5427339.8	1749667.4	       	41 17 29.471 S	174 47 14.874 E
       	5427334.7	1749697.6	       	41 17 29.617 S	174 47 16.177 E
       	5427359.9	1749868.0	       	41 17 28.685 S	174 47 23.476 E
       	5427392.8	1749877.8	       	41 17 27.615 S	174 47 23.869 E
       	5427408.8	1749919.0	       	41 17 27.068 S	174 47 25.624 E
       	5427415.2	1749932.0	       	41 17 26.851 S	174 47 26.176 E
       	5427433.7	1749977.5	       	41 17 26.220 S	174 47 28.116 E
       	5427434.0	1749982.7	       	41 17 26.208 S	174 47 28.341 E
       	5427433.7	1750009.6	       	41 17 26.199 S	174 47 29.496 E
       	5427426.7	1750006.2	       	41 17 26.429 S	174 47 29.354 E
       	5427407.9	1750033.8	       	41 17 27.021 S	174 47 30.556 E
       	5427400.8	1750046.6	       	41 17 27.239 S	174 47 31.114 E
       	5427390.7	1750062.7	       	41 17 27.558 S	174 47 31.816 E
       	5427373.4	1750095.9	       	41 17 28.096 S	174 47 33.256 E
       	5427368.9	1750103.5	       	41 17 28.237 S	174 47 33.587 E
       	5427372.8	1750114.7	       	41 17 28.104 S	174 47 34.065 E
       	5427362.9	1750116.6	       	41 17 28.422 S	174 47 34.157 E
       	5427341.7	1750116.8	       	41 17 29.111 S	174 47 34.182 E
       	5427357.3	1750165.1	       	41 17 28.571 S	174 47 36.247 E
       	5427356.9	1750189.0	       	41 17 28.569 S	174 47 37.274 E
       	5427357.0	1750195.7	       	41 17 28.560 S	174 47 37.562 E
       	5427357.3	1750217.5	       	41 17 28.535 S	174 47 38.499 E
       	5427361.3	1750244.9	       	41 17 28.389 S	174 47 39.669 E
       	5427365.5	1750263.8	       	41 17 28.241 S	174 47 40.480 E
       	5427367.3	1750273.8	       	41 17 28.176 S	174 47 40.909 E
       	5427372.0	1750302.2	       	41 17 28.003 S	174 47 42.125 E
       	5427384.2	1750307.7	       	41 17 27.605 S	174 47 42.352 E
       	5427363.5	1750324.6	       	41 17 28.264 S	174 47 43.095 E
       	5427383.4	1750333.5	       	41 17 27.612 S	174 47 43.457 E
       	5427391.0	1750362.5	       	41 17 27.348 S	174 47 44.700 E
       	5427404.3	1750403.3	       	41 17 26.888 S	174 47 46.440 E
       	5427417.4	1750421.8	       	41 17 26.452 S	174 47 47.224 E
       	5427430.8	1750435.1	       	41 17 26.009 S	174 47 47.781 E
       	5427453.3	1750448.2	       	41 17 25.270 S	174 47 48.327 E
       	5427478.0	1750464.5	       	41 17 24.458 S	174 47 49.004 E
       	5427507.2	1750476.1	       	41 17 23.505 S	174 47 49.479 E
       	5427563.9	1750495.0	       	41 17 21.653 S	174 47 50.237 E
       	5427589.8	1750516.6	       	41 17 20.802 S	174 47 51.144 E
       	5427626.0	1750579.9	       	41 17 19.583 S	174 47 53.832 E
       	5427643.8	1750609.5	       	41 17 18.988 S	174 47 55.087 E
       	5427662.7	1750641.3	       	41 17 18.354 S	174 47 56.436 E
       	5427688.1	1750681.0	       	41 17 17.503 S	174 47 58.120 E
       	5427857.1	1750938.3	       	41 17 11.854 S	174 48 09.029 E
       	5427339.1	1750134.8	       	41 17 29.181 S	174 47 34.961 E
       	5428187.6	1748780.4	       	41 17 02.582 S	174 46 36.010 E
       	5429130.0	1748909.5	       	41 16 31.952 S	174 46 40.729 E
       	5428417.0	1748630.5	       	41 16 55.248 S	174 46 29.367 E
       	5428418.3	1748630.8	       	41 16 55.204 S	174 46 29.378 E
       	5427669.2	1748340.0	       	41 17 19.677 S	174 46 17.538 E
       	5428353.7	1748620.2	       	41 16 57.306 S	174 46 28.979 E
       	5428555.4	1748823.6	       	41 16 50.633 S	174 46 37.541 E
       	5428619.2	1748953.2	       	41 16 48.477 S	174 46 43.052 E
       	5428676.8	1748980.3	       	41 16 46.595 S	174 46 44.168 E
       	5427101.5	1748658.3	       	41 17 37.865 S	174 46 31.716 E
       	5427108.5	1748661.6	       	41 17 37.637 S	174 46 31.852 E
       	5427094.1	1748697.0	       	41 17 38.080 S	174 46 33.385 E
       	5427088.5	1748705.8	       	41 17 38.257 S	174 46 33.769 E
       	5427491.3	1749047.1	       	41 17 24.973 S	174 46 48.084 E
       	5427408.7	1749032.1	       	41 17 27.661 S	174 46 47.512 E
       	5427365.2	1748981.8	       	41 17 29.105 S	174 46 45.388 E
       	5427252.6	1748963.6	       	41 17 32.767 S	174 46 44.703 E
       	5427199.7	1748930.0	       	41 17 34.505 S	174 46 43.308 E
       	5427178.5	1748908.1	       	41 17 35.204 S	174 46 42.386 E
       	5426955.1	1748821.2	       	41 17 42.505 S	174 46 38.848 E
       	5426891.4	1748795.6	       	41 17 44.586 S	174 46 37.803 E
       	5426874.8	1748760.2	       	41 17 45.146 S	174 46 36.297 E
       	5426738.1	1748703.3	       	41 17 49.617 S	174 46 33.971 E
       	5426964.8	1749140.5	       	41 17 41.977 S	174 46 52.558 E
       	5428708.5	1748687.3	       	41 16 45.762 S	174 46 31.550 E
       	5428659.1	1748689.4	       	41 16 47.361 S	174 46 31.683 E
       	5428591.3	1748681.5	       	41 16 49.565 S	174 46 31.404 E
       	5428562.9	1748676.9	       	41 16 50.487 S	174 46 31.230 E
       	5428527.0	1748650.8	       	41 16 51.668 S	174 46 30.142 E
       	5428480.9	1748660.5	       	41 16 53.154 S	174 46 30.597 E
       	5428478.8	1748660.1	       	41 16 53.222 S	174 46 30.586 E
       	5428408.4	1748647.9	       	41 16 55.514 S	174 46 30.122 E
       	5428249.9	1748595.9	       	41 17 00.686 S	174 46 28.027 E
       	5428199.3	1748597.9	       	41 17 02.324 S	174 46 28.156 E
       	5428197.8	1748597.1	       	41 17 02.373 S	174 46 28.126 E
       	5428080.7	1748560.6	       	41 17 06.193 S	174 46 26.657 E
       	5427782.6	1748429.8	       	41 17 15.941 S	174 46 21.298 E
       	5427684.2	1748375.9	       	41 17 19.168 S	174 46 19.068 E
       	5428865.3	1749119.7	       	41 16 40.392 S	174 46 49.992 E
       	5429039.8	1749213.5	       	41 16 34.673 S	174 46 53.866 E
       	5429078.2	1749232.9	       	41 16 33.416 S	174 46 54.666 E
       	5429262.5	1749368.1	       	41 16 27.353 S	174 47 00.313 E
       	5429450.2	1749280.2	       	41 16 21.326 S	174 46 56.370 E
       	5429568.9	1749237.2	       	41 16 17.508 S	174 46 54.418 E
       	5429584.5	1749250.8	       	41 16 16.993 S	174 46 54.990 E
       	5429752.6	1749172.7	       	41 16 11.597 S	174 46 51.485 E
       	5429972.7	1749211.4	       	41 16 04.438 S	174 46 52.953 E
       	5428779.8	1748160.5	       	41 16 43.798 S	174 46 08.855 E
       	5427284.0	1749210.8	       	41 17 31.583 S	174 46 55.299 E
       	5427184.1	1749152.5	       	41 17 34.862 S	174 46 52.882 E
       	5427123.9	1749139.5	       	41 17 36.820 S	174 46 52.377 E
       	5427108.0	1749131.7	       	41 17 37.343 S	174 46 52.057 E
       	5427091.8	1749106.9	       	41 17 37.882 S	174 46 51.006 E
       	5426842.6	1748995.7	       	41 17 46.035 S	174 46 46.443 E
       	5426659.8	1748911.3	       	41 17 52.015 S	174 46 42.980 E
       	5427976.8	1748853.0	       	41 17 09.367 S	174 46 39.312 E
       	5427903.7	1748809.4	       	41 17 11.765 S	174 46 37.505 E
       	5427901.3	1748808.3	       	41 17 11.843 S	174 46 37.460 E
       	5427795.1	1748770.3	       	41 17 15.312 S	174 46 35.920 E
       	5427773.8	1748763.2	       	41 17 16.007 S	174 46 35.635 E
       	5427765.0	1748743.8	       	41 17 16.303 S	174 46 34.809 E
       	5427708.3	1748717.5	       	41 17 18.161 S	174 46 33.726 E
       	5427521.5	1748695.2	       	41 17 24.229 S	174 46 32.934 E
       	5427519.9	1748689.0	       	41 17 24.284 S	174 46 32.668 E
       	5427493.0	1748692.4	       	41 17 25.155 S	174 46 32.838 E
       	5427477.3	1748677.8	       	41 17 25.672 S	174 46 32.225 E
       	5427453.2	1748689.3	       	41 17 26.447 S	174 46 32.741 E
       	5427430.7	1748682.1	       	41 17 27.180 S	174 46 32.448 E
       	5427390.4	1748659.7	       	41 17 28.503 S	174 46 31.521 E
       	5427317.0	1748606.2	       	41 17 30.915 S	174 46 29.288 E
       	5426937.2	1748387.6	       	41 17 43.371 S	174 46 20.225 E
       	5427276.4	1748590.0	       	41 17 32.242 S	174 46 28.628 E
       	5427244.1	1748575.0	       	41 17 33.300 S	174 46 28.013 E
       	5426737.5	1749212.3	       	41 17 49.297 S	174 46 55.848 E
       	5426730.5	1749185.4	       	41 17 49.541 S	174 46 54.696 E
       	5426826.0	1748981.4	       	41 17 46.580 S	174 46 45.847 E
       	5426853.8	1748953.9	       	41 17 45.700 S	174 46 44.640 E
       	5426924.0	1748759.3	       	41 17 43.554 S	174 46 36.212 E
       	5426953.9	1748724.7	       	41 17 42.607 S	174 46 34.700 E
       	5426960.6	1748673.3	       	41 17 42.423 S	174 46 32.484 E
       	5426985.0	1748653.0	       	41 17 41.645 S	174 46 31.590 E
       	5426985.7	1748626.3	       	41 17 41.640 S	174 46 30.443 E
       	5426999.2	1748620.9	       	41 17 41.208 S	174 46 30.198 E
       	5427002.4	1748614.8	       	41 17 41.106 S	174 46 29.935 E
       	5427006.6	1748603.4	       	41 17 40.980 S	174 46 29.440 E
       	5427064.7	1748476.1	       	41 17 39.181 S	174 46 23.921 E
       	5427250.9	1749286.6	       	41 17 32.606 S	174 46 58.587 E
       	5427292.5	1749193.0	       	41 17 31.321 S	174 46 54.526 E
       	5427384.4	1749051.6	       	41 17 28.436 S	174 46 48.372 E
       	5427366.9	1749029.7	       	41 17 29.018 S	174 46 47.445 E
       	5427452.0	1748953.5	       	41 17 26.311 S	174 46 44.095 E
       	5427501.6	1748890.9	       	41 17 24.744 S	174 46 41.359 E
       	5427502.8	1748888.6	       	41 17 24.705 S	174 46 41.260 E
       	5427507.8	1748852.4	       	41 17 24.570 S	174 46 39.700 E
       	5427531.3	1748871.5	       	41 17 23.793 S	174 46 40.500 E
       	5427557.7	1748828.6	       	41 17 22.967 S	174 46 38.633 E
       	5427571.4	1748786.9	       	41 17 22.552 S	174 46 36.828 E
       	5427614.1	1748768.5	       	41 17 21.180 S	174 46 36.002 E
       	5427623.3	1748735.6	       	41 17 20.902 S	174 46 34.581 E
       	5428339.9	1748920.5	       	41 16 57.552 S	174 46 41.895 E
       	5428380.2	1748870.6	       	41 16 56.279 S	174 46 39.716 E
       	5428365.2	1748863.9	       	41 16 56.772 S	174 46 39.440 E
       	5428388.1	1748853.9	       	41 16 56.036 S	174 46 38.991 E
       	5428373.6	1748846.1	       	41 16 56.509 S	174 46 38.668 E
       	5428406.9	1748806.7	       	41 16 55.457 S	174 46 36.944 E
       	5428403.8	1748779.2	       	41 16 55.574 S	174 46 35.768 E
       	5428416.0	1748753.6	       	41 16 55.198 S	174 46 34.657 E
       	5428430.0	1748757.1	       	41 16 54.742 S	174 46 34.795 E
       	5428600.2	1749077.1	       	41 16 49.014 S	174 46 48.394 E
       	5428445.2	1749004.9	       	41 16 54.083 S	174 46 45.427 E
       	5426724.3	1748343.3	       	41 17 50.300 S	174 46 18.510 E
       	5428687.8	1749040.7	       	41 16 46.198 S	174 46 46.755 E
       	5428691.5	1749042.8	       	41 16 46.076 S	174 46 46.841 E
       	5428699.2	1749067.2	       	41 16 45.810 S	174 46 47.881 E
       	5428696.1	1749069.9	       	41 16 45.910 S	174 46 48.000 E
       	5428682.0	1749088.0	       	41 16 46.352 S	174 46 48.788 E
       	5428680.4	1749091.7	       	41 16 46.403 S	174 46 48.950 E
       	5428672.0	1749111.4	       	41 16 46.662 S	174 46 49.803 E
       	5428642.5	1749103.0	       	41 16 47.623 S	174 46 49.470 E
       	5428641.6	1749100.3	       	41 16 47.654 S	174 46 49.355 E
       	5428518.5	1748943.0	       	41 16 51.749 S	174 46 42.704 E
       	5428438.9	1748964.1	       	41 16 54.316 S	174 46 43.681 E
       	5427880.6	1748816.3	       	41 17 12.509 S	174 46 37.820 E
       	5427899.4	1748800.5	       	41 17 11.911 S	174 46 37.125 E
       	5427922.2	1748750.4	       	41 17 11.206 S	174 46 34.953 E
       	5427913.5	1748742.5	       	41 17 11.492 S	174 46 34.623 E
       	5427899.8	1748723.6	       	41 17 11.949 S	174 46 33.823 E
       	5427847.4	1748696.9	       	41 17 13.665 S	174 46 32.718 E
       	5427838.5	1748708.4	       	41 17 13.946 S	174 46 33.223 E
       	5427788.1	1748686.6	       	41 17 15.594 S	174 46 32.328 E
       	5427777.9	1748682.4	       	41 17 15.926 S	174 46 32.158 E
       	5427777.5	1748666.9	       	41 17 15.950 S	174 46 31.491 E
       	5427757.9	1748660.1	       	41 17 16.589 S	174 46 31.216 E
       	5427744.3	1748667.0	       	41 17 17.026 S	174 46 31.525 E
       	5427701.3	1748631.2	       	41 17 18.445 S	174 46 30.024 E
       	5427690.6	1748644.2	       	41 17 18.781 S	174 46 30.593 E
       	5427642.7	1748622.7	       	41 17 20.348 S	174 46 29.709 E
       	5427617.2	1748594.4	       	41 17 21.193 S	174 46 28.517 E
       	5427594.2	1748604.4	       	41 17 21.932 S	174 46 28.966 E
       	5427588.0	1748599.1	       	41 17 22.139 S	174 46 28.745 E
       	5427562.4	1748584.1	       	41 17 22.978 S	174 46 28.125 E
       	5427506.3	1748561.8	       	41 17 24.812 S	174 46 27.214 E
       	5427458.0	1748541.4	       	41 17 26.390 S	174 46 26.380 E
       	5427423.2	1748522.3	       	41 17 27.529 S	174 46 25.590 E
       	5427380.0	1748487.6	       	41 17 28.952 S	174 46 24.134 E
       	5427317.6	1748473.4	       	41 17 30.986 S	174 46 23.579 E
       	5427298.0	1748445.2	       	41 17 31.639 S	174 46 22.385 E
       	5427171.4	1748393.0	       	41 17 35.776 S	174 46 20.252 E
       	5427073.0	1748349.2	       	41 17 38.997 S	174 46 18.457 E
       	5428406.0	1748707.3	       	41 16 55.553 S	174 46 32.674 E
       	5427162.1	1748918.6	       	41 17 35.731 S	174 46 42.850 E
