41 17 46.753 S	174 46 26.773 E
41 17 46.557 S	174 46 26.248 E
41 17 43.223 S	174 46 16.730 E
41 17 43.082 S	174 46 16.817 E
41 16 37.428 S	174 46 40.813 E
41 17 33.220 S	174 46 58.095 E
41 17 33.047 S	174 46 57.416 E
41 17 42.053 S	174 46 58.953 E
41 17 50.379 S	174 46 25.069 E
41 16 54.216 S	174 46 40.995 E
41 16 49.555 S	174 46 35.651 E
41 16 48.461 S	174 46 34.585 E
41 17 33.929 S	174 47 00.393 E
41 17 34.169 S	174 47 00.813 E
41 17 19.598 S	174 46 30.642 E
41 17 20.883 S	174 46 32.074 E
41 17 22.849 S	174 46 33.973 E
41 17 13.623 S	174 46 27.422 E
41 17 11.792 S	174 46 28.223 E
41 17 10.453 S	174 46 28.874 E
41 17 10.368 S	174 46 26.895 E
41 16 45.014 S	174 46 36.572 E
41 17 00.926 S	174 46 37.196 E
41 17 00.871 S	174 46 37.026 E
41 17 00.466 S	174 46 37.224 E
41 17 00.663 S	174 46 36.280 E
41 16 59.731 S	174 46 35.025 E
41 16 59.857 S	174 46 33.838 E
41 16 59.047 S	174 46 32.825 E
41 16 44.589 S	174 46 43.969 E
41 16 44.522 S	174 46 43.878 E
41 16 44.970 S	174 46 43.103 E
41 16 43.888 S	174 46 42.981 E
41 16 48.508 S	174 46 47.677 E
41 16 48.379 S	174 46 47.380 E
41 16 48.332 S	174 46 47.292 E
41 17 03.157 S	174 46 31.237 E
41 17 03.161 S	174 46 31.162 E
41 17 03.229 S	174 46 31.155 E
41 17 25.524 S	174 46 48.901 E
41 17 26.589 S	174 46 50.938 E
41 17 27.522 S	174 46 52.588 E
41 17 28.150 S	174 46 54.441 E
41 17 28.669 S	174 46 56.396 E
41 17 28.670 S	174 46 56.929 E
41 17 29.342 S	174 46 58.539 E
41 17 29.611 S	174 46 59.304 E
41 17 29.898 S	174 47 00.133 E
41 17 30.234 S	174 47 01.272 E
41 17 30.559 S	174 47 02.160 E
41 17 30.904 S	174 47 03.184 E
41 17 31.144 S	174 47 03.915 E
41 17 31.398 S	174 47 04.718 E
41 17 31.907 S	174 47 05.926 E
41 17 32.293 S	174 47 06.649 E
41 17 57.644 S	174 46 51.090 E
41 17 44.355 S	174 46 57.669 E
41 17 42.956 S	174 46 58.476 E
41 17 41.631 S	174 47 00.044 E
41 17 40.986 S	174 46 59.697 E
41 17 40.989 S	174 47 00.385 E
41 17 32.846 S	174 46 59.789 E
41 17 30.962 S	174 47 00.855 E
41 17 15.280 S	174 46 35.386 E
41 17 14.906 S	174 46 33.690 E
41 17 14.729 S	174 46 32.783 E
41 17 48.114 S	174 46 55.465 E
41 17 37.640 S	174 46 58.965 E
41 17 37.468 S	174 46 58.146 E
41 17 37.393 S	174 46 57.675 E
41 17 37.318 S	174 46 57.004 E
41 17 37.226 S	174 46 56.411 E
41 17 37.523 S	174 46 54.851 E
41 17 38.923 S	174 47 00.285 E
41 17 38.173 S	174 46 57.765 E
41 17 38.317 S	174 46 57.230 E
41 17 37.848 S	174 46 56.594 E
41 17 37.791 S	174 46 56.377 E
41 17 34.144 S	174 46 44.270 E
41 17 34.241 S	174 46 44.555 E
41 17 34.438 S	174 46 45.612 E
41 17 34.603 S	174 46 45.559 E
41 17 34.376 S	174 46 46.163 E
41 17 34.711 S	174 46 46.069 E
41 17 34.691 S	174 46 47.083 E
41 17 34.813 S	174 46 48.401 E
41 17 35.941 S	174 46 51.899 E
41 17 36.450 S	174 46 51.600 E
41 17 24.870 S	174 46 38.292 E
41 17 25.093 S	174 46 39.022 E
41 17 25.682 S	174 46 38.720 E
41 17 25.505 S	174 46 37.967 E
41 17 26.109 S	174 46 37.636 E
41 17 26.368 S	174 46 38.327 E
41 17 26.763 S	174 46 37.377 E
41 17 27.004 S	174 46 37.957 E
41 17 29.467 S	174 46 36.448 E
41 17 29.394 S	174 46 36.080 E
41 17 30.618 S	174 46 35.481 E
41 17 31.349 S	174 46 34.966 E
41 17 31.472 S	174 46 35.246 E
41 17 32.078 S	174 46 34.577 E
41 17 32.661 S	174 46 34.470 E
41 17 33.581 S	174 46 33.889 E
41 17 34.949 S	174 46 32.887 E
41 17 35.290 S	174 46 32.757 E
41 17 35.642 S	174 46 32.905 E
41 17 35.527 S	174 46 32.530 E
41 17 36.120 S	174 46 32.729 E
41 17 37.773 S	174 46 31.245 E
41 17 38.969 S	174 46 31.150 E
41 17 41.918 S	174 46 29.479 E
41 17 41.931 S	174 46 28.886 E
41 17 42.535 S	174 46 29.167 E
41 17 43.044 S	174 46 28.875 E
41 17 43.999 S	174 46 27.755 E
41 17 44.340 S	174 46 28.182 E
41 17 45.955 S	174 46 26.675 E
41 17 46.315 S	174 46 27.022 E
41 17 50.689 S	174 46 24.458 E
41 17 51.423 S	174 46 24.160 E
41 17 51.453 S	174 46 23.649 E
41 17 11.061 S	174 46 34.899 E
41 17 08.575 S	174 46 36.237 E
41 17 05.520 S	174 46 37.716 E
41 17 05.264 S	174 46 37.863 E
41 17 04.393 S	174 46 38.577 E
41 17 31.878 S	174 46 41.304 E
41 17 31.608 S	174 46 40.965 E
41 17 31.383 S	174 46 40.243 E
41 17 30.954 S	174 46 39.263 E
41 17 30.900 S	174 46 38.349 E
41 17 30.722 S	174 46 36.584 E
41 17 29.310 S	174 46 32.172 E
41 17 29.205 S	174 46 31.035 E
41 17 27.353 S	174 46 25.846 E
41 17 42.370 S	174 46 31.580 E
41 17 43.103 S	174 46 32.267 E
41 17 42.843 S	174 46 31.335 E
41 17 32.088 S	174 46 40.529 E
41 17 58.993 S	174 46 53.355 E
41 17 07.346 S	174 46 25.085 E
41 16 53.937 S	174 46 33.103 E
41 16 53.541 S	174 46 33.069 E
41 16 41.964 S	174 46 48.841 E
41 16 53.906 S	174 46 40.963 E
41 16 53.724 S	174 46 40.374 E
41 16 58.315 S	174 46 38.529 E
41 16 58.075 S	174 46 37.757 E
41 16 58.687 S	174 46 37.447 E
41 16 58.917 S	174 46 38.107 E
41 17 00.183 S	174 46 36.570 E
41 17 02.264 S	174 46 36.228 E
41 17 02.235 S	174 46 35.461 E
41 17 02.800 S	174 46 35.166 E
41 17 04.446 S	174 46 34.974 E
41 17 06.889 S	174 46 33.608 E
41 17 06.863 S	174 46 32.817 E
41 17 06.869 S	174 46 32.903 E
41 17 07.616 S	174 46 32.854 E
41 17 36.744 S	174 46 29.216 E
41 17 36.444 S	174 46 28.906 E
41 17 36.216 S	174 46 28.612 E
41 17 36.297 S	174 46 29.316 E
41 17 35.697 S	174 46 29.578 E
41 17 35.409 S	174 46 29.475 E
41 17 33.050 S	174 46 22.912 E
41 17 33.928 S	174 46 25.075 E
41 17 34.026 S	174 46 27.943 E
41 17 34.324 S	174 46 28.888 E
41 17 35.175 S	174 46 29.278 E
41 17 35.497 S	174 46 30.868 E
41 17 35.830 S	174 46 32.188 E
41 17 35.516 S	174 46 32.381 E
41 17 37.080 S	174 46 35.916 E
41 17 37.931 S	174 46 40.201 E
41 17 04.412 S	174 46 34.178 E
41 17 04.893 S	174 46 33.826 E
41 17 04.223 S	174 46 33.246 E
41 17 04.175 S	174 46 33.194 E
41 17 04.544 S	174 46 32.755 E
41 17 04.526 S	174 46 32.625 E
41 17 04.352 S	174 46 32.303 E
41 17 04.339 S	174 46 32.182 E
41 17 04.305 S	174 46 32.082 E
41 17 04.281 S	174 46 32.043 E
41 17 03.801 S	174 46 32.279 E
41 17 04.274 S	174 46 31.979 E
41 17 03.771 S	174 46 32.120 E
41 17 30.963 S	174 46 45.693 E
41 17 16.981 S	174 46 38.871 E
41 16 17.855 S	174 46 48.820 E
41 17 32.688 S	174 46 42.433 E
41 17 05.260 S	174 46 38.864 E
41 16 57.795 S	174 46 35.004 E
41 16 58.178 S	174 46 36.112 E
41 16 59.704 S	174 46 40.545 E
41 16 59.096 S	174 46 40.919 E
41 16 39.636 S	174 46 40.193 E
41 16 40.222 S	174 46 40.504 E
41 17 42.357 S	174 46 59.890 E
41 17 44.406 S	174 46 59.647 E
41 17 45.005 S	174 46 59.230 E
41 17 48.977 S	174 46 57.113 E
41 17 58.290 S	174 46 51.865 E
41 17 43.519 S	174 46 34.055 E
41 17 43.411 S	174 46 33.122 E
41 17 11.147 S	174 46 34.176 E
41 17 10.671 S	174 46 34.438 E
41 17 10.338 S	174 46 33.898 E
41 17 10.047 S	174 46 33.753 E
41 17 08.834 S	174 46 33.166 E
41 17 06.468 S	174 46 32.466 E
41 17 05.960 S	174 46 31.758 E
41 17 05.847 S	174 46 31.697 E
41 17 03.970 S	174 46 31.234 E
41 17 02.035 S	174 46 31.026 E
41 16 59.538 S	174 46 31.067 E
41 16 58.142 S	174 46 31.678 E
41 16 57.265 S	174 46 32.085 E
41 16 56.030 S	174 46 32.879 E
41 16 52.884 S	174 46 32.970 E
41 16 52.484 S	174 46 32.854 E
41 16 52.408 S	174 46 32.848 E
41 16 50.939 S	174 46 32.572 E
41 16 48.296 S	174 46 33.125 E
41 16 48.256 S	174 46 33.159 E
41 16 46.692 S	174 46 35.613 E
41 16 43.119 S	174 46 40.351 E
41 16 42.849 S	174 46 42.375 E
41 16 42.823 S	174 46 42.471 E
41 16 40.602 S	174 46 47.188 E
41 16 46.267 S	174 46 38.396 E
41 16 47.112 S	174 46 36.816 E
41 16 47.793 S	174 46 35.418 E
41 16 51.864 S	174 46 33.940 E
41 16 45.155 S	174 46 38.191 E
41 16 45.207 S	174 46 38.224 E
41 16 45.089 S	174 46 38.142 E
41 16 45.112 S	174 46 38.284 E
41 16 52.031 S	174 46 33.984 E
41 16 45.058 S	174 46 38.384 E
41 16 53.449 S	174 46 34.301 E
41 16 56.389 S	174 46 33.980 E
41 16 57.431 S	174 46 33.387 E
41 16 58.328 S	174 46 32.891 E
41 16 58.394 S	174 46 32.838 E
41 16 59.616 S	174 46 32.300 E
41 17 23.158 S	174 46 34.330 E
41 17 24.316 S	174 46 34.037 E
41 17 26.292 S	174 46 22.305 E
41 17 13.992 S	174 46 36.849 E
41 17 32.254 S	174 46 43.529 E
41 17 32.142 S	174 46 43.480 E
41 17 31.290 S	174 46 41.931 E
41 17 31.578 S	174 46 41.440 E
41 17 30.867 S	174 46 40.087 E
41 17 30.927 S	174 46 39.715 E
41 17 30.022 S	174 46 39.832 E
41 17 30.028 S	174 46 38.749 E
41 17 29.568 S	174 46 39.094 E
41 17 29.976 S	174 46 38.667 E
41 17 29.308 S	174 46 38.667 E
41 17 29.601 S	174 46 38.020 E
41 17 29.215 S	174 46 37.355 E
41 17 29.189 S	174 46 37.284 E
41 17 27.737 S	174 46 36.151 E
41 17 27.841 S	174 46 35.769 E
41 17 27.347 S	174 46 35.590 E
41 17 27.332 S	174 46 35.142 E
41 17 26.990 S	174 46 35.109 E
41 17 26.567 S	174 46 34.516 E
41 17 26.772 S	174 46 34.237 E
41 17 26.713 S	174 46 34.131 E
41 17 26.514 S	174 46 34.439 E
41 17 26.352 S	174 46 33.636 E
41 17 26.202 S	174 46 33.221 E
41 17 24.771 S	174 46 31.819 E
41 17 23.989 S	174 46 31.719 E
41 17 23.437 S	174 46 30.728 E
41 17 22.619 S	174 46 30.567 E
41 17 22.585 S	174 46 29.969 E
41 17 21.233 S	174 46 29.309 E
41 17 40.224 S	174 46 34.210 E
41 17 41.685 S	174 46 33.429 E
41 17 26.781 S	174 46 46.830 E
41 17 24.321 S	174 46 44.670 E
41 17 17.508 S	174 46 31.523 E
41 17 17.549 S	174 46 31.630 E
41 17 18.310 S	174 46 32.407 E
41 16 42.788 S	174 46 41.061 E
41 16 41.662 S	174 46 41.274 E
41 16 38.699 S	174 46 39.397 E
41 16 38.221 S	174 46 40.244 E
41 16 36.690 S	174 46 39.676 E
41 16 32.386 S	174 46 39.919 E
41 16 29.694 S	174 46 40.018 E
41 16 28.181 S	174 46 40.722 E
41 16 27.784 S	174 46 40.089 E
41 16 26.535 S	174 46 40.113 E
41 16 26.506 S	174 46 40.680 E
41 16 24.169 S	174 46 40.042 E
41 16 34.103 S	174 46 47.999 E
41 16 37.593 S	174 46 47.067 E
41 16 27.968 S	174 46 45.240 E
41 16 30.981 S	174 46 47.042 E
41 16 22.063 S	174 46 40.370 E
41 17 20.106 S	174 46 27.769 E
41 17 32.639 S	174 47 07.403 E
41 17 32.314 S	174 47 07.301 E
41 17 31.777 S	174 47 09.075 E
41 17 31.193 S	174 47 09.875 E
41 17 30.834 S	174 47 10.378 E
41 17 30.469 S	174 47 10.824 E
41 17 29.908 S	174 47 11.746 E
41 17 29.471 S	174 47 14.874 E
41 17 29.617 S	174 47 16.177 E
41 17 28.685 S	174 47 23.476 E
41 17 27.615 S	174 47 23.869 E
41 17 27.068 S	174 47 25.624 E
41 17 26.851 S	174 47 26.176 E
41 17 26.220 S	174 47 28.116 E
41 17 26.208 S	174 47 28.341 E
41 17 26.199 S	174 47 29.496 E
41 17 26.429 S	174 47 29.354 E
41 17 27.021 S	174 47 30.556 E
41 17 27.239 S	174 47 31.114 E
41 17 27.558 S	174 47 31.816 E
41 17 28.096 S	174 47 33.256 E
41 17 28.237 S	174 47 33.587 E
41 17 28.104 S	174 47 34.065 E
41 17 28.422 S	174 47 34.157 E
41 17 29.111 S	174 47 34.182 E
41 17 28.571 S	174 47 36.247 E
41 17 28.569 S	174 47 37.274 E
41 17 28.560 S	174 47 37.562 E
41 17 28.535 S	174 47 38.499 E
41 17 28.389 S	174 47 39.669 E
41 17 28.241 S	174 47 40.480 E
41 17 28.176 S	174 47 40.909 E
41 17 28.003 S	174 47 42.125 E
41 17 27.605 S	174 47 42.352 E
41 17 28.264 S	174 47 43.095 E
41 17 27.612 S	174 47 43.457 E
41 17 27.348 S	174 47 44.700 E
41 17 26.888 S	174 47 46.440 E
41 17 26.452 S	174 47 47.224 E
41 17 26.009 S	174 47 47.781 E
41 17 25.270 S	174 47 48.327 E
41 17 24.458 S	174 47 49.004 E
41 17 23.505 S	174 47 49.479 E
41 17 21.653 S	174 47 50.237 E
41 17 20.802 S	174 47 51.144 E
41 17 19.583 S	174 47 53.832 E
41 17 18.988 S	174 47 55.087 E
41 17 18.354 S	174 47 56.436 E
41 17 17.503 S	174 47 58.120 E
41 17 11.854 S	174 48 09.029 E
41 17 29.181 S	174 47 34.961 E
41 17 02.582 S	174 46 36.010 E
41 16 31.952 S	174 46 40.729 E
41 16 55.248 S	174 46 29.367 E
41 16 55.204 S	174 46 29.378 E
41 17 19.677 S	174 46 17.538 E
41 16 57.306 S	174 46 28.979 E
41 16 50.633 S	174 46 37.541 E
41 16 48.477 S	174 46 43.052 E
41 16 46.595 S	174 46 44.168 E
41 17 37.865 S	174 46 31.716 E
41 17 37.637 S	174 46 31.852 E
41 17 38.080 S	174 46 33.385 E
41 17 38.257 S	174 46 33.769 E
41 17 24.973 S	174 46 48.084 E
41 17 27.661 S	174 46 47.512 E
41 17 29.105 S	174 46 45.388 E
41 17 32.767 S	174 46 44.703 E
41 17 34.505 S	174 46 43.308 E
41 17 35.204 S	174 46 42.386 E
41 17 42.505 S	174 46 38.848 E
41 17 44.586 S	174 46 37.803 E
41 17 45.146 S	174 46 36.297 E
41 17 49.617 S	174 46 33.971 E
41 17 41.977 S	174 46 52.558 E
41 16 45.762 S	174 46 31.550 E
41 16 47.361 S	174 46 31.683 E
41 16 49.565 S	174 46 31.404 E
41 16 50.487 S	174 46 31.230 E
41 16 51.668 S	174 46 30.142 E
41 16 53.154 S	174 46 30.597 E
41 16 53.222 S	174 46 30.586 E
41 16 55.514 S	174 46 30.122 E
41 17 00.686 S	174 46 28.027 E
41 17 02.324 S	174 46 28.156 E
41 17 02.373 S	174 46 28.126 E
41 17 06.193 S	174 46 26.657 E
41 17 15.941 S	174 46 21.298 E
41 17 19.168 S	174 46 19.068 E
41 16 40.392 S	174 46 49.992 E
41 16 34.673 S	174 46 53.866 E
41 16 33.416 S	174 46 54.666 E
41 16 27.353 S	174 47 00.313 E
41 16 21.326 S	174 46 56.370 E
41 16 17.508 S	174 46 54.418 E
41 16 16.993 S	174 46 54.990 E
41 16 11.597 S	174 46 51.485 E
41 16 04.438 S	174 46 52.953 E
41 16 43.798 S	174 46 08.855 E
41 17 31.583 S	174 46 55.299 E
41 17 34.862 S	174 46 52.882 E
41 17 36.820 S	174 46 52.377 E
41 17 37.343 S	174 46 52.057 E
41 17 37.882 S	174 46 51.006 E
41 17 46.035 S	174 46 46.443 E
41 17 52.015 S	174 46 42.980 E
41 17 09.367 S	174 46 39.312 E
41 17 11.765 S	174 46 37.505 E
41 17 11.843 S	174 46 37.460 E
41 17 15.312 S	174 46 35.920 E
41 17 16.007 S	174 46 35.635 E
41 17 16.303 S	174 46 34.809 E
41 17 18.161 S	174 46 33.726 E
41 17 24.229 S	174 46 32.934 E
41 17 24.284 S	174 46 32.668 E
41 17 25.155 S	174 46 32.838 E
41 17 25.672 S	174 46 32.225 E
41 17 26.447 S	174 46 32.741 E
41 17 27.180 S	174 46 32.448 E
41 17 28.503 S	174 46 31.521 E
41 17 30.915 S	174 46 29.288 E
41 17 43.371 S	174 46 20.225 E
41 17 32.242 S	174 46 28.628 E
41 17 33.300 S	174 46 28.013 E
41 17 49.297 S	174 46 55.848 E
41 17 49.541 S	174 46 54.696 E
41 17 46.580 S	174 46 45.847 E
41 17 45.700 S	174 46 44.640 E
41 17 43.554 S	174 46 36.212 E
41 17 42.607 S	174 46 34.700 E
41 17 42.423 S	174 46 32.484 E
41 17 41.645 S	174 46 31.590 E
41 17 41.640 S	174 46 30.443 E
41 17 41.208 S	174 46 30.198 E
41 17 41.106 S	174 46 29.935 E
41 17 40.980 S	174 46 29.440 E
41 17 39.181 S	174 46 23.921 E
41 17 32.606 S	174 46 58.587 E
41 17 31.321 S	174 46 54.526 E
41 17 28.436 S	174 46 48.372 E
41 17 29.018 S	174 46 47.445 E
41 17 26.311 S	174 46 44.095 E
41 17 24.744 S	174 46 41.359 E
41 17 24.705 S	174 46 41.260 E
41 17 24.570 S	174 46 39.700 E
41 17 23.793 S	174 46 40.500 E
41 17 22.967 S	174 46 38.633 E
41 17 22.552 S	174 46 36.828 E
41 17 21.180 S	174 46 36.002 E
41 17 20.902 S	174 46 34.581 E
41 16 57.552 S	174 46 41.895 E
41 16 56.279 S	174 46 39.716 E
41 16 56.772 S	174 46 39.440 E
41 16 56.036 S	174 46 38.991 E
41 16 56.509 S	174 46 38.668 E
41 16 55.457 S	174 46 36.944 E
41 16 55.574 S	174 46 35.768 E
41 16 55.198 S	174 46 34.657 E
41 16 54.742 S	174 46 34.795 E
41 16 49.014 S	174 46 48.394 E
41 16 54.083 S	174 46 45.427 E
41 17 50.300 S	174 46 18.510 E
41 16 46.198 S	174 46 46.755 E
41 16 46.076 S	174 46 46.841 E
41 16 45.810 S	174 46 47.881 E
41 16 45.910 S	174 46 48.000 E
41 16 46.352 S	174 46 48.788 E
41 16 46.403 S	174 46 48.950 E
41 16 46.662 S	174 46 49.803 E
41 16 47.623 S	174 46 49.470 E
41 16 47.654 S	174 46 49.355 E
41 16 51.749 S	174 46 42.704 E
41 16 54.316 S	174 46 43.681 E
41 17 12.509 S	174 46 37.820 E
41 17 11.911 S	174 46 37.125 E
41 17 11.206 S	174 46 34.953 E
41 17 11.492 S	174 46 34.623 E
41 17 11.949 S	174 46 33.823 E
41 17 13.665 S	174 46 32.718 E
41 17 13.946 S	174 46 33.223 E
41 17 15.594 S	174 46 32.328 E
41 17 15.926 S	174 46 32.158 E
41 17 15.950 S	174 46 31.491 E
41 17 16.589 S	174 46 31.216 E
41 17 17.026 S	174 46 31.525 E
41 17 18.445 S	174 46 30.024 E
41 17 18.781 S	174 46 30.593 E
41 17 20.348 S	174 46 29.709 E
41 17 21.193 S	174 46 28.517 E
41 17 21.932 S	174 46 28.966 E
41 17 22.139 S	174 46 28.745 E
41 17 22.978 S	174 46 28.125 E
41 17 24.812 S	174 46 27.214 E
41 17 26.390 S	174 46 26.380 E
41 17 27.529 S	174 46 25.590 E
41 17 28.952 S	174 46 24.134 E
41 17 30.986 S	174 46 23.579 E
41 17 31.639 S	174 46 22.385 E
41 17 35.776 S	174 46 20.252 E
41 17 38.997 S	174 46 18.457 E
41 16 55.553 S	174 46 32.674 E
41 17 35.731 S	174 46 42.850 E
